111111111111111111111111111111111111111111111111111111111111111111111111111111111111111111111111111111111111111111111111111111111111111111111111111111111111111111111111111111111111111111111111
111111111111111111111111111111111111111111111111111111111111111111111111111111111111111111111111111111111111111111111111111111111111111111111111111111111111111111111111111111111111111111111111
111111111111111111111111111111111111111111111111111111111111111111111111111111111111111111111111111111111111111111111111111111111111111111111111111111111111111111111111111111111111111111111111
111111111111111111111111111111111111111111111111111111111111111111111111111111111111111111111111111111111111111111111111111111111111111111111111111111111111111111111111111111111111111111111111
111111111111111111111111111111111111111111111111111111100001111111111111111111111111111111111111111111111111111111111111111111111111111111111111111111111111111111111111111111111111111111111111
111111111111111111111111111111111111111111111111000000000000100011111111111111111111111111111111111111111111111111111111111111111111111111111111111111111111111111111111111111111111111111111111
111111111111111111111111111111111111111111111111000000000000000001111111111111111111111111111111111111111111111111111111111111111111111111111111111111111111111111111111111111111111111111111111
111111111111111111111111111111111111111111111000000000000000000000111111111111111111111111111111111111111111111111111111111111111111111111111111111111111111111111111111111111111111111111111111
111111111111111111111111111111111111111111110000000000000000000000011111111111111111111111111111111111111111111111111111111111111111111111111111111111111111111111111111111111111111111111111111
111111111111111111111111111111111111111111000000000000000000000000000001111111111111111111111111111111111111111111111111111111111111111111111111111111111111111111111111111111111111111111111111
111111111111111111111111111111111111111000000000000000000000000000000000011111111111111111111111111111111111111111111111111111111111111111111111111111111111111111111111111111111111111111111111
111111111111111111111111111111111111110000000000000000000000000000000000011111111111111111111111111111111111111111111111111111111111111111111111111111111111111111111111111111111111111111111111
111111111111111111111111111111111111100000000000000000000000000000000000001111111111111111111111111111111111111111111111111111111111111111111111111111111111111111111111111111111111111111111111
111111111111111111111111111111111111000000000000000000000000000000000000000111111111111111111111111111111111111111111111111111111111111111111111111111111111111111111111111111111111111111111111
111111111111111111111111111111111111000000000000000000000000000000000000000011111111111111111111111111111111111111111111111111111111111111111111111111111111111111111111111111111111111111111111
111111111111111111111111111111111100000000000000000000000000000000000000000001111111111111111111111111111111111111111111111111111111111111111111111111111111111111111111111111111111111111111111
111111111111111111111111111111111100000000000000000000000000000000000000000000111111111111111111111111111111111111111111111111111111111111111111111111111111111111111111111111111111111111111111
111111111111111111111111111111111111110000000000000000000000000000000000000000111111111111111111111111111111111111111111111111111111111111111111111111111111111111111111111111111111111111111111
111111111111111111111111111111111111111000000000000000000000000000000000000000011111111111111111111111111111111111111111111111111111111111111111111111111111111111111111111111111111111111111111
111111111111111111111111111111111111111100000000000000000000000000000000000000001111100000001111111111111111111111111111111111111111111111111111111111111111111111111111111111111111111111111111
111111111111111111111111111111111111111110000000000000000000000000000000000000000111100000001111111111111111111111111111111111111111111111111111111111111111111111111111111111111111111111111111
111111111111111111111111111111111111111111000000000000000000000000000000000000000111100000000111111111111111111111111111111111111111111111111111111111111111111111111111111111111111111111111111
111111111111111111111111111111111111111111100000000000001111111111110000000000000011110000000011111111111111111111111111111111111111111111111111111111111111111111111111111111111111111111111111
111111111111111111111111111111111111111111110000000000111111111111111000000000000001111100000000111111111111111111111111111111111111111111111111111111111111111111111111111111111111111111111111
111111111111111111111111111111101111111111111000000011111111111111111000000000000000111110000000001111111111111111111111111111111111111111111111111111111111111111111111111111111111111111111111
111111111111111111111111111111100011111111111101111111111111111111111100000000000000111110000000001111111111111111111111111111111111111111111111111111111111111111111111111111111111111111111111
111111111111111111111111111111100001111111111111111111111111111111111110000000000000011110000000000111111111111111111111111111111111111111111111111111111111111111111111111111111111111111111111
111111111111111111111111111111100000011111111111111111111111111111111111000000000000011111000000000011111111111111111111111111111111111111111111111111111111111111111111111111111111111111111111
111111111111111111111111111111100000001111111111111111111111111111111111000000000000001111100000000000000000011111111111111111111111111111111111111111111111111111111111111111111111111111111111
111111111111111111111111111111100000000111111111111111111111111111111111100000000000000111110000000000000000001111111111111111111111111111111111111111111111111111111111111111111111111111111111
111111111111111111111111111111100000000011111111111111111111111111111111110000000000000011111000000000000000001111111111111111111111111111111111111111111111111111111111111111111111111111111111
111111111111111111111111111111100000000001111111111111111111111111111111111110000000000001111000000000000000000111111111111111111111111111111111111111111111111111111111111111111111111111111111
111111111111111111111111111110000000000000011111111111111111111111111111111111110000000111111000000000000000000011111111111111111111111111111111111111111111111111111111111111111111111111111111
111111111111111111111111111110000000000000000111111111111111111111111111111111111111111111111100000000000000000011111111111111111111111111111111111111111111111111111111111111111111111111111111
111111111111111111111111111110000000000000000011111111110000000011111111111111111111111111111100000000000000000011111111111111111111111111111111111111111111111111111111111111111111111111111111
111111111111111111111111111110000000000000000001111111000000000000011111111111111111111111111100000000000000000001111111111111111111111111111111111111111111111111111111111111111111111111111111
111111111111111111111111111110000000000000000000011100000000000000001111111111111111111111111100000000000000000000111111111111111111111111111111111111111111111111111111111111111111111111111111
111111111111111111111111111110000000000000000000000000000000000000001111111111110000111001111100000000000000000000001111111100000011111111111111111111111111111111111111111111111111111111111111
111111111111111111111111111111000000000000000000000000000000000000000111111111100000000000111100000000000000000000000000000000000011111111111111111111111111111111111111111111111111111111111111
111111111111111111111111111111100000000000000000000000000000000000000011111111100000000000111100000000000000000000000000000000000011111111111111111111111111111111111111111111111111111111111111
111111111111111111111111111111110000000000000000000000000000000000000011111111100000000000111100000000000000000000000000000000000111111111111111111111111111111111111111111111111111111111111111
111111111111111111111111111111110000000000000000000000000000000000000001111111110000000000111100000000000000000000000000000000000111111111111111111111111111111111111111111111111111111111111111
111111111111111111111111111111100000000000000000000000000000000000000001111111111000000000111100000000000000000000000000000000000011111111111111111111111111111111111111111111111111111111111111
111111111111111111111111111111000000000000000000000000000000000000000001111111111000000000111100000000000000000000000000000000000001111111111111111111111111111111111111111111111111111111111111
111111111111111111111111111110000000000000000000000000000000000000000001111111111100000000111110000000000000000000000000000000000000111111111111111111111111111111111111111111111111111111111111
111111111111111111111111111110000000000000000000000000000000000000000001111111111110000000111111000000000000000000000000000000000000111111111111111111111111111111111111111111111111111111111111
111111111111111111111111111110000000000000000000000000000000000000001111111110111111000000011111100000000000000000000000000000000000111111111111111111111111111111111111111111111111111111111111
111111111111111111111111111110000000000000000000000000000000000000111111111110001111100000011111110000000000000000000000000000000000111111111111111111111111111111111111111111111111111111111111
111111111111111111111111111100000000000000000000000000000000000001111111111100000111110000001111111000000000000000000000000000000000111111111111111111111111111111111111111111111111111111111111
111111111111111111111111111100000000000000000000000000000000000011111111110000000011110000000111111100000000000000000000000000000001111111111111111111111111111111111111111111111111111111111111
111111111111111111111111111100000000000000000000000000000000000111111110000000000011110000000011111110000000000000000000000000000001111111111111111100011111111111111111111111111111111111111111
111111111111111111111111111000000000000000000000000000000000011111110000000000000000000000000001111111000000000000000000000000000011111111111111111000001111111111111111111111111111111111111111
111111111111111111111111111000000000000000000000000000000000011111000000000000000000000000000000011111100000000000000000000000000011111111111111100000000011111111111111111111111111111111111111
111111111111111111111111110000000000000000000000000000000001111110000000000000000000000000000000001111110000000000000000000000000011111111111111000000000011111111111111111111111111111111111111
111111111111111111111111100000000000111111111100000000001111111100000000000000000000000000000000000111111000000000000000000000000000111111111111000000000011111111111111111111111111111111111111
111111111111111111111110000000000001111111111111000000111111111000000000000000000000000000000000000011111100000000000000000000000000011110000110000000000011111111111111111111111111111111111111
111111111111111111111100000000000011111111111111100011111111111000000000000000000000000000000000000001111111111110000000000000000000011110000000000000000011111111111111111111111111111111111111
111111111111111111111100000000001111111111111111110011111111110000000000000000000000000000000000000001111111111111000000000000000000001100000000000000000011111111111111111111111111111111111111
111111111111111111111100000001111111111111111111111111111111110000000000000000000000000000000000000001111111111111100000000000000000000000000000000000000111111111111111111111111111111111111111
111111111111111111111110000011111111111111111111111111111110000000000000000000000000000000000000000000111111111111111000000000000000000000000000000000000001111111111111111111111111111111111111
111111111111111111111111000111111111111111111111111111111000000000000000000000000000000000000000000000000001111111111100000000000000000000000000000000000000111111111111111111111111111111111111
111111111111111111111111111111111111111111111111111111100000000000000000000000000000000000000000000000000011000000011110000000000000000000000000000000000000011111111111111111111111111111111111
111111111111111111111111111111111111111111111111111111100000000000000000000000000000000000000000000000000110000000011110000000000000000000000000000000000000011111111111111111111111111111111111
111111111111111111111111111111111111111111111111111111000000000000000000000000000000000000000000000000001100000000011110000000000000000000000000000000000000011111111111111111111111111111111111
111111111111111111111111111111111111111111111111111110000000000000000000000000000000000000000000000000011000000000011111000000000000000000000000000000000000111111111111111111111111111111111111
111111111111111111111111111111111111111111111111111110000000000000000000000000000000000000000000000001110000000000011111100000000000000000000000000000000001111111111111111111111111111111111111
111111111111111111111111111111111111111111111111111110000000000000000000000000000000000000000000000011100000000000011111111000000000000000000000000000000011111111111111111111111111111111111111
111111111111111111111111111111111111111111111111111111000000000000000000000000000000000000000000000111000000000000001111111100000000000000000000000000000111111111111111111111111111111111111111
111111111111111111111111111111111111111111111111111111100000000000000000000000000000000000000000001100000000000000000001111110000000000000000000000000001111111111111111111111111111111111111111
111111111111111111111111111111111111111111111111111111100000000000000000000000000000000000000000111000000000000000000000111110000000000000000000000000011111111111111111111111111111111111111111
111111111111111111111111111111111111111111111111111111100000000000000000000000000000000000000001110000000000000000000000011111000000000000000000000000111111111111111111111111111111111111111111
111111111111111111111111111111111111111111111111111111100000000000000000000000000000000000000011000000000000000000000000001111100000000000000000000001111111111111111111111111111111111111111111
111111111111111111111111111111111111111111111111111111100000000000000000000000000000000000001110000000000000000000000000001111100000000000000000000001111111111111111111111111111111111111111111
111111111111111111111111111111111111111111111111111111100000000000000000000000000000000000111000000000000000000000000000000111100000000000000000000000111111111111111111111111111111111111111111
111111111111111111111111111111111111111111111111111111000000000000000000000000000000000001110000000000000000000000000000000111100000000000000000000000111111111111111111111111111111111111111111
111111111111111111111111111111111111111111111111111111000000000000000000000000000000000111000000000000000000000000000000000111100000000000000000000000111111111111111111111111111111111111111111
111111111111111111111111111111111111111111111111111110000000000000000000000000000000001110000000000000000000000000000000000111100000000000000000000000111111111111111111111111111111111111111111
111111111111111111111111111111111111111111111111111110000000000000000000000000000000011000000000000000000000000000000000000111110000000000000000000000111111111111111111111111111111111111111111
111111111111111111111111111111111111111111111111111100000000000000000000000000000000110000000000000000000000000000000000000111110000000000000000000000111111111111111111111111111111111111111111
111111111111111111111111111111111111111111111111111000000000000000000000000000000011100000000000000000000000000000000000000111110000000000000000000000111111111111111111111111111111111111111111
111111111111111111111111111111111111111111111111111000000000000000000000000000000110000000000000000000000000000000000000000111100000000000000000000001111111111111111111111111111111111111111111
111111111111111111111111111111111111111111111111110000000000000000000000000000011100000000000000000000000000000000000000000111100000000000000000000011111111111111111111111111111111111111111111
111111111111111111111111111111111111111111111111110000000000000000000000001111110000000000000000000000000000000000000000000111100000000000000001111111111111111111111111111111111111111111111111
111111111111111111111111111111111111111111111111111110000000000000111111111110000000000000000000000000000000000000000000000111100000000000000011111111111111111111111111111111111111111111111111
111111111111111111111111111111111111111111111111111111111111111111111000000000000000000000000000000000000000000000000000000111000000000000011111111111110000011111111111111111111111111111111111
111111111111111111111111111111111111111111111111000000000000000000000000000000000000000000000000000000000000000000000000000111000000011111111111110000000000000001111111111111111111111111111111
111111111111111111111111111111111111111111111110000000000000000000000000000000000000111111111111000000000000000000000000000111000011111111110000000000000000000000111111111111111111111111111111
111111111111111111111111111111111111111111111100000000000000000000000000000000000001111111111111111110000000000000000000001111111111111111100000000000000000000000011111111111111111111111111111
111111111111111111111111111111111111111111111100000000000000000000000000000000000011111111111111111111111111111100000000011111111111111100000000000000000000000000001111111111111111111111111111
111111111111111111111111111111111111111110000000000000000000000000000000000000000111100000000011111111111111111111111111111111111111000000000000000000000000000000000111111111110001111111111111
111111111111111111111111111111111111111100000000000000000000000000000000111000001111000000000000011111111111111111111111111111110000000000000000000000000000000000000000001111100000000011111111
111111111111111111111111111111111111111000000000000000000000000000000001111110001111000000000000000000011111111111111111111111000000000000000000000000000000000000000000001110000000000001111111
111111111111111111111111111111111111111000000000000000000000000000000011111111001110000000000000000000000011111111111111111100000000000000000000000000000000000000000000000110000000000000111111
111111111111111111111111111111111111111000000000000000000000000000000111111111111110000000000000000000000000000000001111000000000000000000000000000000000000000000000000000000000000000000000001
111111111111111111111111111111111111111000000000000000000000000000001111100011111110000000000000000000000000000000000000000000000000000000000000000000000000000000000000000000000000000000000001
111111111111111111111111111111111111111100000000000000000000000000111111000001111110000000000000000000000000000000000000000000000000000000000000000000000000000000000000000000000000000000000001
111111111111111111111111111111111111111111000000000000000000000011111110000000011111000000000000000000000000000000000000000000000000000000000000000000000000000000000000000000000000000000000001
111111111111111111111111111111111111111111111111110000000000011111111100000000011111000000000000000000000000000000000000000000000000000000000000000000000000000000000000000000000000000000000001
111111111111111111111111111111111111000001111111111000000011111111111000000000001111000000000000000000000000000000000000000000000000000000000000000111100000000000000000000000000000000000000001
111111111111111111111111111111111110000000011111111100011111111110000000000000001111000000000000000000000000000000000000000000000000000000000000000111100000000000000000000000000000000000000001
111111111111111111111111111111111100000000000000011111111111111000000000000000001111000000000000000000000000000000000000000000000000000000000000001111100000000000000000000000000000000000000001
111111111111111111111111111111111100000000000000001111111000000000000000000000001111100000000000000000000000000000000000000000000000000000000000001111000000000000000000000000000000000000000001
111111111111111111111111111111111000000000000000000000000000000000000000000000001111100000000000000000000000000000000000000000000000000000000000011111000000000000000000000000000000000000000001
111111111111111111111111111111111000000000000000000000000000000000000000000000000111100000000000000000000000000000000000000000000000000000000000011111000000000000000000000000000000000000000001
111111111111111111111111111111100000000000000000000000000000000000000000000000000111100000000000000000000000000000000000000000000000000000000000011111000000000000000000000000000000000000000001
111111111111111111111111111111100000000000000000000000000000000000000000000000000111110000000000000000000000000000000000000000000000001110000000011111000000000000000000000000000000000000000001
111111111111111111111111111111100000000000000000000000000000000000000000000000000111110000000000000000000000001111111111110000000011111111111110011111000000000000000000000000000000000000000001
111111111111111111111111111111110000000000000000000000000000000000000000000000000111100000000000000000000111111111111111111111111111111111111111111111000000000000000000000000000000000000000001
111111111111111111111111111111110000000000000000000000000000000000000000000000011111100000000000000000011111111111111111111111111111111111111111111111000000000000000000000000000000000000000001
111111111111111111111111111111110000000000000000000000000000000000000000011111111111000000000000000000111111111111111111111111111111111111111111111110000000000000000000000000000000000000000001
111111111111111111111111111111110000000000000000000000000000000000000000111111111100000000000000000001111111111111111111111111110000000001111111111110000000000000000000000000000000000000000001
111111111111111111111111111111110000000000000000000000000000000000000001111111110000000000000000000011111111111111111111111111000000000000000011111100000000000000000000000000000000000000000001
111111111111111111111111111111110000000000000000000000000000000000000011111111000000000000000000001111111111110000000011111111000000000000000111111100000000000000000000000000000000000000000001
111111111111111111111111111111111000000000000000000000000000000000000111110000000000000000000000011111111100000000000000000000000000000000001111111000000000000000000000000000000000000000001111
111111111111111111111111111111111111000000000000000000000000000000001111110000000000000000000011111111110000000000000000000000000000000000011111100000000000000000000000000000000000000011111111
111111111111111111111111111111111111100000000000000000000000000000001111110000000000000000000111111111100000000000000000000000000000000000111111000000000000000000000000000000011111111110000001
111111111111111111111111111111111111110000000000000000000000000000001111110000000000000000000111111110000000000000000000000000000000000001111110000000000000000000000000000111111000000000000001
111111111111111111111111111111111111111100000000000000000000000000000111110000000000000000011111111100000000000000000000000000000000000000111000000000000000000000000000111100000000000000000001
111111111111111111111111111111111111111110000000000000000000000000000111110000000000000011111111110000000000000000000000000000000000000000000000000000000000000000000111100000000000000000000001
111111111111111111111111111111111111111111110000000000000000000000000111110000000000000111111111000000000000000000000000000000000000000000000000000000000000000000011100000000000000000000000001
111111111111111111111111111111111111111111111000000000000000000000000111110000000000000111111110000000000000000000000100000000000000000000000000000000000000000001111000000000000000000000000001
111111111111111111111111111111111111111111111110000000000000000000001111110000000000001111111100000000000000000000011111000000000000000000000000000000000000000111000000000000000000000000000001
111111111111111111111111111111111111111111111110000000000000000000111111110000000000011111100000000000000000000111111111000000000000000000000000000000000000011100000000000000000000000000000001
111111111111111100011110001111111111111111111111000000000000000011111111100000000000111110000000000000000000001111111111000000000000000000000000000000000000110000000000000000000000000000000001
111111111111110000000000000111111111111111111111100000000000011111111111000000000000111110000000000000000000011111111111000000000000000000000000000000000011100000000000000000000000000000000001
111111111111100000000000000111111111111111111111110000000000111111111100000000000001111100000000000000000001111111111111100000000000000000000000000000000111000000000000000000000000000000000001
111111111111000000000000000111111111111111111111111000000001111111111000000000000011111000000000000000000111111111111111100000000000000000000000000000001100000000000000000000000000000000000001
111111111110000000000000000001111111111111111111111100001111111111110000000000000011110000000000000001111111111111111111110000000000000000000000000000011100000000000000000000000000000000000001
111111111110000000000000000001111111111111111111111111111111111111100000000000000111100000000000000011111111111111111111111100000000000000000000000000111000000000000000000000000000000000000001
111111111100000000000000000001111111111111111111111111111111111100000000000000001111100000000000000011111111111111111111111110000000000000000000000000110000000000000000000000000000000000000001
111111111000000000000000000000111111111111111111111111111111111100000000000000011111100000000000000011111111111111111111111111000000000000000000000011100000000000000000000000000000000000011111
111111111000000000000000000000011111111111111111111111100011111000000000000001111111100000000000000011111111111111111111111111100000000000000000000011000000000000000000000000000000000011111111
111111110000000000000000000000011111111111111111111110000011110000000000111011111110000000000000000011111111111111111111111111110000000000000000000110000000000000000000000000000000000111111111
111111110000000000000000000000011111111111111111111100000011100000000001111111111000000000000000000011111111111111111111111111110000000000000000001100000000000000000000000000000000001111111111
111111110000000000000000000000011111111111111111111100000011100000000111111111110000000000000000000111111111111111111111111111111000000000000000011000000000000000000000000000000000011111111111
111111100000000000000000000000111111111111111111111100001111100000001111111111000000000000000000000111111111111111111111111111111100001110000000110000000000000000000000000000000000111111111111
111111100000000000000000111111111111111111111111111111111111111111111111111110000000000000000000001111111111111111111111111111111111111111100000100000000000000000000000111111111111111110111101
111111100000000000000001111111111111111111111111111111111111111111111111111110000000000000000000011111111111111111111111111111111111111111110001100000000000000000000000111111111111111100111101
111111100000000000000001111111111111111111111111111111000001111111111111111110000000000000000000011111111111111111111111111111111111111111111011000000000000000000000000111111111111110001111101
111111100000000000000001111111111111111111111111111000000000111111111001111100000000000000000000011111111111111111111111111111111111111111111111000000000000000000000000000001111111100001111001
111111100000000000000000111111111111111111111111110000000000011111100001111100000000000000000000011111111111111111111111111111111111111111111110000000000000000000000000000000000000000001111001
111111100000000000000000011111111111111111111111000000000000001110000001111100000000000000000000011111111111111111111111111111111111111111111111000000000000000000000000000000000000000011110001
111111100000000000000000011111111111111111111111000000000000000000000001111100000000000000000000011111111111111111111111111111111111111111111111100000000000000000000000000000000000000011110001
111111110000000000000000011111111111111111111110000000000000000000000011111000000000000000000000111111111111111111111111111111111111111111111111100000000000000000000000000000000000000111110001
111111110000000000000000011111111111111111111110000000000000000000000111111000000000000000000000111111111111111111111111111111111111111111111111110000000000000000000000000000000000000111100001
111111110000000000000000111111111111111111111000000000000000000000000111110000000000000000000000111111111111111111111111111111111111111111111111110000000000000111111110000000000000000111100111
111111100000000000000000111111111111111111111000000000000000000000000111110000000000000000000000111111111111111111111111111111111111111111111111110000000000011111111111100000000000000111111111
111111100000000000000001111111111111111111110000000000000000000000000111100000000000000000000000111111111111111111111111111111111111111111111111110000000001111111111111111100111111111111111111
111111100000000000000001111111111111111111110000000000000000000000000111100000000000000000000000111111111111111111111111111111111111111111111111110000000001111110000011111111111111111111111111
111111100000000011111111111111111111111111100000000000000000000000000111100000000000000000000001111111111111111111111111111111111111111111111111110000000011111000000000111111111111111111111111
111111111000000111111111111111111111111111000000000000000000000000000111100000000000000000000011111111111111111111111111111111111111111111111111110000000111100000000000001111100000011111111111
111111111110000111111111111111111111111111100000000000000000000000000111100000000000000000001111111111111111111111111111111111111111111111111111100000001111100000000000000110000000011111111111
111111111111111111111111111111111111111111111000000000000000000000000111100000000000000000011111111111111111111111111111111111111111111111111111100000011111000000000000000000000001111111111111
111111111111111111111111111111111111111111111111000000000000000000000111100000000000000000111111111111111111111111111111111111111111111111111111100000111110000000000000000000000011111111111111
111111111111111111111111111111111111111111111111000000000000000000000111110000000000000011111111111111111111111111111111111111111111111111111111100000111100000000000000000000000111111111111111
111111111111111111111111111111111111111111111111100000000000000000000111110000000000111111111111111111111111111111111111111111111111111111111111100011110000000000000000000000001111111111111111
111111111111111111111111111111111111111111111111110000000000000000000111110000000011111111111111111111111111111111111111111111111111111111111111111111100000000000000000000000001111111111111111
111111111111111111111111111111111111111111111111111000000000000000000111110000000111111111111111111111111111111111111111111111111111111111111111111111100000000000000000000000011111111111100001
111111111111111111111111111111111111111111111111111000000000000000000111110000011111111111111111111111111111111111111111111111111111111111111111111110000000000000000000000000111111111111000001
111111111111111111111111111111111111111111111111111000000000000000000111110111111111111111111111111111111111111111111111111111111111111111111111111000000000000000000000000001111111111110000001
111111000111111111111111111111111111111111111111111000000000000000000111111111111111111111111111111111111111111111111111111111111111111111111111110000000000000000000000000011111111111100000001
111110001111111111111111111111111111111111111111111000000000000000000011111111111111111111111111111111111111111111111111111111111111111111111111110000000000000000000000000111111111111000000001
111110011111111111111111111111111111111111111111111000000000000000000001111111111111111111111111111111111111111111111111111111111111111111111111100000000000000000000000001111111111110000000001
111111111111111111111111111111111111111111111111111100000000000000000001111111111111111111111111111111111111111111111111111111111111111111111111100000000000000000000000011111111111100000000001
111111111111111111111111111111111111111111111111111100000000000000000011111111111111111111111111111111111111111111111111111111111111111111111111100000000000000000000000111111111111000000000001
111111111111111111111111111111111111111111111111111110000000000000000111111111111111111111111111111111111111111111111111111111111111111111111111100000000000000000000000111111111110000000000001
111111111111111111111111111111111111111111111111111110000000000000001111111111111111111111111111111111111111111111111111111111111111111111111111100000000000000000000001111111111100000000000001
111111111111111111111111111111111111111111111111111110000000000000011111111111111111111111111111111111111111111111111111111111111111111111111111100000000000000000000011111111111000000000000001
111111111111111111111111111111111111111111111111111110000000000000111111111111111111111111111111111111111111111111111111111111111111111111111111100000000000000000000011111111110000000000000001
111111111111111111111111111111111111111111111111111111000000000001111111111111111111111111111111111111111111111111111111111111111111111111111111100000000000000000000111111111100000000000000001
111111111111111111111111111111111111111111111111111111000000000011111111111111111111111111111111111111111111111111111111111111111111111111111111110000000000000000000111111111100000000000000001
111111111111111111111111111111111111111111111111111111000000000011111111111111111111111111111111111111111111111111111111111111111111111111111111110000000000000000001111111111000000000000000001
111111111111111111111111111111111111111111111111111111000000000001111111111111111111111111111111111111111111111111111111111111111111111111111111110000000000000000011111111111000000000000000001
111111111111111111111111111111111111111111111111111111100000000001111111111111111111111111111111111111111111111111111111111111111111111111111111111000000000000000111111111111000000000000000001
111111111111111111111111111111111111111111111111111111110000000001111111111111111111111111111111111111111111111111111111111111111111111111111111111000000000000111111111111111100000000000000001
111111111111111111111111111111111111111111111111111111111000000001111111111111111111111111111111111111111111111111111111111111111111111111111111111100000000011111111111111111110000000000000001
111111111111111111111111111111111111111111111111111111111000000001111111111111111111111111111111111111111111111111111111111111111111111111111111111100000000111111111111111111111111100000000001
111111111111111111111111111111111111111111111111111111111100000011111111111111111111111111111111111111111111111111111111111111111111111111111111111100000001111000111111111111111111110000000001
111111111111111111111111111111111111111111111111111111111110000011111111111111111111111111111111111111111111111111111111111111111111111111111111111111111111110000111111111111111111111000000001
111111111111111111111111111111111111111111111111111111111111000011111111111111111111111111111111111111111111111111111111111111111111111111111111111111111111110000111011111111111111111110000001
111111111111111111111111111111111111111111111111111111111111111111111111111111111111111111111111111111111111111111111111111111111111111111111111111111111111100000111000111111111111111110000001
111111111111111111111111111111111111111111111111111111111111111111111111111111111111111111111111111111111111111111111111111111111111111111111111111111111111100001110000011111111111111111000001
111111111111111111111111111111111111111111111111111111111111111111111111111111111111111111111111111111111111111111111111111111111111111111111111111111111111111111111100111111111111111111000001
111111111111111111111111111111111111111111111111111111111111111111111111111111111111111111111111111111111111111111111111111111111111111111111111111111111111111111111111111111111111111111100001
111111111111111111111111111111111111111111111111111111111111111111111111111111111111111111111111111111111111111111111111111111111111111111111111111111111111111111111111111111111111111111100001
111111111111111111111111111111111111111111111111111111111111111111111111111111111111111111111111111111111111111111111111111111111111111111111111111111111111111111111111111111111111111111110001
111111111111111111111111111111111111111111111111111111111111111111111111111111111111111111111111111111111111111111111111111111111111111111111111111111111111111111111111111111111111111111111111
111111111111111111111111111111111111111111111111111111111111111111111111111111111111111111111111111111111111111111111111111111111111111111111111111111111111111111111111111111111111111111111111
111111111111111111111111111111111111111111111111111111111111111111111111111111111111111111111111111111111111111111111111111111111111111111111111111111111111111111111111111111111111111111111111
111111111111111111111111111111111111111111111111111111111111111111111111111111111111111111111111111111111111111111111111111111111111111111111111111111111111111111111111111111111111111111111111
111111111111111111111111111111111111111111111111111111111111111111111111111111111111111111111111111111111111111111111111111111111111111111111111111111111111111111111111111111111111111111111111
111111111111111111111111111111111111111111111111111111111111111111111111111111111111111111111111111111111111111111111111111111111111111111111111111111111111111111111111111111111111111111111111
