111111111111111111111111111111111111111111111111111111111111111111111111111111111111111111111111111111111111111111111111111111111111111111111111111111111111111111111111111111111111111111111111
111111111111111111111111111111111111111111111111111111111111111111111111111111111111111111111111111111111111111111111111111111111111111111110000000011111111111111111111111111111111111111111111
111111111111111111111111111111111111111111111111111111111111111111111111111111111111111111111111111111111111111111111111111111111111111111100000000001111111111111111111111111111111111111111111
111111111111111111111111111111111111111111111111111111111111111111111111111111111111111111111111111111111111111111111111111111111111111111000000000000111111111111111111111111111111111111111111
111111111111111111111111111111111111111111111111111111111111111111111111111111111111111111111111111111111111111111111111111111110000000000000000000000001111111111111111111111111111111111111111
111111111111111111111111111111111111111111111111111111111111111111111111111111111111111111111111111111111111111111111111111110000000000000000000000000000111111111111111111111111111111111111111
111111111111111111111111111111111111111111111111111111111111111111111111111111111111111111111111111111111111111111111111111110000000000000000000000000000011111111111111111111111111111111111111
111111111111111111111111111111111111111111111111111111111111111111111111111111111111111111111111111111111111111111111111111110000000000000000000000000000000000000011111111111111111111111111111
111111111111111111111111111111111111111111111111111111111111111111111111111111111111111111111111111111111111111111111111000000000000000000000000000000000000000000001111111111111111111111111111
111111111111111111111111111111111111111111111111111111111111111111111111111111111111111111111111111111111111111111111100000000000000000000000000000000000000000000000111111111111111111111111111
111111111111111111111111111111111111111111111111111111111111111111111111111111111111111111111111111111111111111111110000000000000000000000000000000000000000000000000000011111111111111111111111
111111111111111111111111111111111111111111111111111111111111111111111111111111111111111111111111111111111111111111100000000000000000000000000000000000000000000000000000011111111111111111111111
111111111111111111111111111111111111111111111111111111111111111111111111111111111111111111111111111111111111111111100000000000000000000000000000000000000000000000000000011111111111111111111111
111111111111111111111111111111111111111111111111111111111111000011111111111111111111111111111111111111111111111111000000000000000000000000000000000000000000000000000000011111111111111111111111
111111111111111111111111111111111111111111111111111111111111000001111111111111111111111111111111111111111111111100000000000000000000000000000000000000000000000000000000011111111111111111111111
111111111111111111111111111111111111111111111111111111111111111001111111111111111111111111111111111111111111111000000000000000000000000000000000000000000000000000000000011111111111111111111111
111111111111111111111111111111111111111111111111111111111111111111111111111111111111111111111111111111111111100000000000000000000000000000000000000000000000000000000000111111111111111111111111
111111111111111111111111111111111111111111111111111111111111111111111111111111111111111111111111111111111110000000000000000000000000000000000000000000000000000000000000111111111111111111111111
111111111111111111111111111111111111111111111111111111111111110000011111111111111111111111111111111111100000000000000000000000000000000000000000000000000000000000000000111111111111111111111111
111111111111111111111111111111111111111111111111111111111111110000011111111111111111111111111111111111000000000000000000000000000000000000000000000000000000000000000111111111111111111111111111
111111111111111111111111111111111111111111111111111111111111110000011111111111111111111111111111111111000000000000000000000000000000000000000000000000000001111111111111111111111111111111111111
111111111111111111111111111111111110011111111111111111111111110000001111111111111111111111111111111111000000000000000000000000000000000000000000000000000011111111111111111111111111111111111111
111111111111111111111111111111111110011111111111111111111111110000001111111111111111111111111111111111000000000000000000000000000000000000000000000000111111111111111111111111111111111111111111
111111111111111111111111111111111100111111111111111111111111110000001111111111111111111111111111111110000000000000000000000000000000000000000000000000111111000001111111111111111111111111111111
111111111111111111111111111111111000110000000011111111111111110000001111111111111111111111111111111110000000000000000000000000000000000000000000000000111000000001111111111111111111111111111111
111111111111111111111111111111111001100000000001111111111110000000000111111111111111111111111111111110000000000000000000000000000000000000000000000000111000000000000111111111111111111111111111
111111111111111111111111111111111111000000000000011111111000000000000111111111111111111111111111111110000000000000000000000000000000000000000000000000111000000000000011111111111111111111111111
111111111111111111111111000011111110000000000000000110000000000000000011111111111111111111111111111110000000000000000000000000000000000000000000000001111000000000000011111111111111111111111111
111111111111111111111110000000000000000000000000000000000000000000000001111111111111111111111111111100000000000000000000000000000000000000000000000001110000000000000011111111111111111111111111
111111111111111111111110000000000000000000000000000000000000000000000001111111111111111111111111111100000000000000000000000000000000000000000000000011100000000000000011111111111111111111111111
111111111111111111111110000000000000000000000000000000000000000000000001111111111111111111111111111100000000000000000000000000000000000000000000001111000000000000000111111111111111111111111111
111111111111111111111110000000000000000000000000000000000000000000000011111111111111111111111111000000000000000000000000111111111111110000000000011111000000000000000111111111111111111111111111
111111111111111111111111000000000000000000000000000000000000000000000111111111111111111111111111000000000000000000000000111111111111111111100011111110000000000000000111111111111111111111111111
111111111111111111111111111000000000000000000000000000000000000000000111111111111111111111111110000000000000000000000000111000000000111111111111110000000000000000000111111111111111111111111111
111111111111111111111111111000000000000000000000000000000000001111111111111111111111111111111110000000000000000000110001111000000000001110000000000000000000000000000111111111111111111111111111
111111111111111111111111111100000000000000000000000000000000011111111111111111111111111111111110000000000000000111111111111100000000000000000000000000000000000011111111111111111111111111111111
111111111111111111111111111100000000000000000000000000000000011111111111111111111111111111111110000000001111111111111111111100000000000000000000000000000000000111111111111111111111111111111111
111111111111111111111111111110000000000000000000000000000000011111111111111111111111111111111110000000011111111110000000011100000000000000000000000000000000000111111111111111111111111111111111
111111111111111111111111111110000000000000000000000000000000011111111111111111111111111111111111111111111000111100000000001110000000000000000000000000000001111111111111111111111111111111111111
111111111111111111111111111111000000000000000000000000000000011111111111111111111111111111111111111111111000111100000000001110000000000000000000000000000111111111111111111111111111111111111111
111111111111111111111111111111000000000000000000000000000000001111111111111111111111111111111111111110000001111110000000000110000000000000000000000001111111111111111111111111111111111111111111
111111111111111111111111111111000000000000000000000000000000001111111111111111111111111111111111111100000001111110000000000111000000000000000000000011111111111111111111111111111111111111111111
111111111111111111111111111111000011000000000000000000000000000111111111111111111111111111111111000000000001111110000000000111000000000000000000000011111111111111111111111111111111111111111111
111111111111111111111111111111111111000000000000000000000000000011111111111111111111111111100000000000000000111110000000000011000000000000000000000011111111111111111111111111111111111111111111
111111111111111111111111111111000001000000000000000000000000000001111111111111111111111111000000000000000000111111000000000011100000000000000000111111111111111111111111111111111111111111111111
111111111111111111111111111110000001100001000000000000000000000000111111111111111111111110000000000000000000111111000000000011100000000000001111111111111111111111111111111111111111111111111111
111111111111111111111111111100000001111111100000000000000000000000111111111111111111111100000000000000000000011111100000000001100000000000111111111111111111111111111111111111111111111111111111
111111111111111111111100000000000000011111100000000000000000000001111111111111111111111000000000000000000000011111100000000001110000000001111111111111111111111111111111111111111111111111111111
111111111111111111111100000000000000000111000000000000000000000001111111111111111111111000000000000000000000011111110000000000111000000111111111111111111111111111111111111111111111111111111111
111111111111111111111100000000000000000100000000000000000000000001111111111111111111110000000000000000000000001111110000000000111000001111111111111111111111111111111111111111111111111111111111
111111111111111111111111000000000000000100000000000000000000000001111111111111111111110000000000000000000000001111111000000000011100011111111111111111111111111111111111111111111111111111111111
111111111111111111111111000000000000000100000000000000000000000001111111111111111111100000000000000000000000001111111000000000011111111111111111111111111111111111111111111111111111111111111111
111111111111111111111111000000000000000100000000000000000000000001110000111111111110000000000000000000000000001111111000000000001111111111111111111111111111111111111111111111111111111111111111
111111111111111111111111100000000000000110000000000000000000000001110000011111110000000000000000000000000000001111111100000000001111111111111111111111111111111111111111111111111111111111111111
111111111111111111111111110000000000000011100000000000000000001111111000011111100000000000000000000000000000001111111100000000011111111111111111111111111111111111111111111111111111111111111111
111111111111111111111111110000000000000001111000000000000000001111111111111110000000000000000000000000000000001111111100000000011111111111111111111111111111111111111111111111111111111111111111
111111111111111111111111110000000000000000001100000110001111111111100111111000000000000000000000000000000000001111111100000000011111111111111111111111111111111111111111111111111111111111111111
111111111111111111111111110000000000000000000111111111111000111111100011111000000000000000000000000000000000001111111100000000011111111111111111111111111111111111111111111111111111111111111111
111111111111111111111111100000000000000000000111100000000000110011100011111100000000000000000000000000000000001111111000000001111111111111111111111111111111111111111111111111111111111111111111
111111111111111111111111000000000000000000000000000000000000100011100011111111000000000000000000000000000000001111110000000011111111111111111111111111111111111111111111111111111111111111111111
111111111111111111111110000000000000000000000000000000000000100011100011111111100000000000000000000000000000011111110000000011111111111111111111111111111111111111111111111111111111111111111111
111111111111111111111000000000000000000000000000000000000000100011100011111111111000000000000000000000000000111111100000000011111111111111111111111111111111111111111111111111111111111111111111
111111111111111111110000000000000000000000000000000000000001100011100011111111111100000000000000000000000001111111000000000001111111111111111111111111111111111111111111111111111111111111111111
111111111111111111100000000000000000000000000000000000000001100111000001111111111110000000000000000000000111111100000000000001111111111111111111111111111111111111111111111111111111111111111111
111111111111111111100000000000000000000000000000000000000001111100000000000111111111100000000000000000000111110000000000000000111111111111111111111111111111111111111111111111111111111111111111
111111111111111111110000000000000000000000000000000000001111111000000000000011111111111000000000000000001111110000000000000000111111111111111111111111111111111111111111111111111111111111111111
111111111111111111111000000000000000000000000000000000001111111000000000000001111111111100000000000000011111100000000000000000111111111111111111111111111111111111111111111111111111111111111111
111111111111111111111000000000000000000000000000000000001111111110000000000001111111111100000000000000111111100000000000000000011111111111111111111111111111111111111111111111111111111111111111
111111111111111111111000000000000000000000000000000000001111111111000000000001111111111100000000000001111111000000000000000000011111111111111111111111111111111111111111111111111111111111111111
111111111111111111111000000000000000000000000000000000011111111111000000000000111111111110000000000011111110000000000000000000011111111111111111111111111111111111111111111111111111111111111111
111111111111111111111100000000000000000000000000000011111111111111000000000000111111111111000000000111111100000000000000000000000011111111111111111111111111111111111111111111111111111111111111
111111111111111111111111000000000000000000000000000111111111111111000000000000001111111111100000000111111100000000000000000000000011111111111111111111111111111111111111111111111111111111111111
111111111111111111111111100000000000001111000000001111111111111111000000000000000111111111111000011111111000000000000000000000000000001111111111111111111111111111111111111111111111111111111111
111111111111111111111111110000000111111111110000001111111111111111000000000000000011111111111111111111100000000000000000000000000000001111111111111111111111111111111111111111111111111111111111
111111111111111111111111111100001111111111110000001111111111111110000000000000000011111111111111111110000000000000000000000000000000111111111111111111111111111111111111111111111111111111111111
111111111111111111111111111111111111111111110000011111111111111100000000000000000001111111111111111100000000000000000000000000000001111111111111111111111111111111111111111111111111111111111111
111111111111111111111111111111111111111111111000111111111111111100000000000000000000111111111111111000000000000000000000000000000011111111111111111111111111111111111111111111111111111111111111
111111111111111111111111111111111111111111111111111111111111111100000000000000000000111111111111110000000000000000000000000000000111111111111111111111111111111111111111111111111111111111111111
111111111111111111111111111111111111111111111111111111111111111110000000000000000000001111111111100000000000000000000000000000111111111111111111111111111111111111111111111111111111111111111111
111111111111111111111111111111111111111111111111111111111111111110000000000000000000000000111111110000000000000000000000011111111111111111111111111111111111111111111111111111111111111111111111
111111111111111111111111111111111111111111111111111111111111111111000000000000000000000000000011110000000000000000000001111111111111111111111111111111111111111111111111111111111111111111111111
111111111111111111111111111111111111111111111111111111111111111111100000000000000000000000000001110000000000000000000011111111111111111111111111111111111111111111111111111111111111111111111111
111111111111111111111111111111111111111111111111111111111111111110000000000000000000000000000001111000000000111110001111100000011111111111111111111111111111111111111111111111111111111111111111
111111111111111111111111111111111111111111111111111111111111111100000000000000000000000000000000111000000001111111111100000000011111111111111111111111111111111111111111111111111111111111111111
111111111111111111111111111111111111111111111111111111111111111100000000000000000000000000000000111000000011111111110000000000011111111111111111111111111111111111111111111111111111111111111111
111111111111111111111111111111111111111111111111111111111111111000000000000000000000000000000000111000001111111111110000000001111111111111111111111111111111111111111111111111111111111111111111
111111111111111111111111111111111111111111111111111111111111110000000000000000000000000000000000111011111000000000000000001111111111111111111111111111111111111111111111111111111111111111111111
111111111111111111111111111111111111111111111111111111111111100000000000000000000000000000000000111111000000000000000000111111111111111111111111111111111111111111111111111111111111111111111111
111111111111111111111111111111111111111111111111111111111111100000000000000000000000000000000001111000000000000000000011111111111111111111111111111111111111111111111111111111111111111111111111
100011111000000001111111111111111111111111111111111111111111000000000000000000000000000000001111100000000000000000000011111111111111111111111111111111111111111111111111111111111111111111111111
100001100000000000011111111111111111111111111111111111111111000000000000000000000000000000111111000000000000000000000111111111111111111111111111111111111111111111111111111111111111111111111111
100000000000000000011111111111111111111111111111111111111111000000000000000000000000000001111110000000000000000000000111111111111111111111111111111111111111111111111111111111111111111111111111
100000000000000000000111111111111111111111111111111111111111100000011110000000000000000011111100000000000000000000000111111111111111111111111111111111111111111111111111111111111111111111111111
100000000000000000000011111111111111111111111111111111111111111111110011111111100000000111100000000000000000000000001111111111111111111111111111110000011111111111111111111111111111111111111111
100000000000000000000011111111111111111111111111111111111110000000000000000001111111111110000000000000000000000000001111111111111111111111111111110000000110000000111111111111111111111111111111
100000000000000000000011111111111111111111111111111111111110000000000000000000011111111110000000000000000000000000011111111111111111111111111110000000000000000000001111111111111111111111111111
100000000000000000000011111111111111111111111111111100111110000000000000000000001111100000000000000000000000000011111111111111111111111111111000000000000000000000000111111111111111111111111111
100000000000000000000000011111111110000011111111111100011110000000000000000000001111100000000000000000000001111111111111111111111111111110000000000000000000000000000111111111111111111111111111
100000000000000000000000001111111100000011111111111100011110000000000000000000011111000000000000000000000111111111111111111111111111111110000000000000000000000000000111111111111111111111111111
100000000000000000000000001111111000000011111111111100111110000000000000000000111110000000000000000000111111111111111111111111111111111110000000000000000000000000000111111111111111111111111111
100000000000000000000000000000000000000011111111111111000000000000000000000001111000000000000000000001111111111111111111111111111111111110000000000000000000000000000111111111111111111111111111
100000000000000000000000000000000000000011111000001110000000000000000000000001110000000000000000000001111111111111111111111111111111111110000000000000000000000000001111111111111111111111111111
100000000000000000000000000000000000000001110000001110000000000000000000000001110000000000000000000001111111111111111111111111111000000111000000000000000000000000001111111111111111111111111111
100000000000000000000000000000000000000001110000001110000000000000000000000001110000000000000000000011111111111111111111111000000000000011000000000000000000000000011111111111111111111111111111
100000000000000000000000000000000000000001110000001110000000000000000000000001100000000000000000000011111111111111111111111000000000000011000000000000000000000001111111111111111111111111111111
100000000000000000000000000000000000000001110000001111000000000000000000000011100000000000000000000011111111111111111111100000000000000111000000000000000000001111111111111111111111111111111111
100000000000000000000000000000000000000001110000011111000000000000000000000111100000000000000000000011111111111111111111100000000000000110000000000000000000111111111111111111111111111111111111
100000000000000000000000000000000000000001111001111111000000000000000000001111000000000000000000000011111111111111111111100000000000000110000000000000000011111111111111111111111111111111111111
100000000000000000000000000000000000000001111111111110000000000000000000001110000000000000000000000011111111111111111111100000000000000110000000000000000111111111111111111111111111111111111111
100000000000000000000000000000000000000001111111110000000000000000000000000110000000000000000000000011111111111111111111100000000000000110000000000000111111111111111111111111111111111111111111
100000000000000000000000000000000000000001111111100000000000000000000000000110000000000000000000000011111111111111111111100000000000000110000000000001110011111111111111111111111111111111111111
100000000000000000000000000000000000000001111110000000000000000000000000000111000000000000000000000011111111111111111111000000000000000010000000000001100011111111111111111111111111111111111111
100000000000000000000000000000000000000001111100000000000000000000000000000111100000000000000000000011111111111111111111000000000000000010000000000011000111111111111111111111111111111111111111
100000000000000000000000000000000000000001111100000000000000000000000000000111110000000000000000000011111111111111111111000000000000000011000000011111001111111111111111111111111111111111111111
100000000000000000000000000000000000000001111100000000000000000000000000000011111000000000000000000001111111111111111111000000000000000011111111111111111111111111111111111111111111111111111111
100000000000000000000111111111111100000111111100000000000000000000000000000000111110000000000000000001111111111111111111110000000000000000000011000011111111111111111111111111111111111111111111
111000000000000011111110000000000111111111111100000000000000000000000000000000011111000000000000000000111111111111111111111000000000000000000000000011111111111111111111111111111111111111111111
111111111111111111000000000000000000111111111100000000000000000000000000000000001111100000000000000000111111111111111111111000000000000000000000000111111111111111111111111111111111111111111111
100001111111110000000000000000000000111111111100000000000000000000000000000000000111110000000000000000011111111111111111111000000000000000000000011111111111111111111111111111111111111111111111
100000000000000000000000000000000000111111111111100000000000000000000000000000000011110000000000000000011111111111111111111110000000111111111111111111111111111111111111111100111111111111111111
100000000000000000000000000000000001111111111000111000000000000000000000000000000001110000000000000000001111111111111111111111000001111111111111111111111111111111111111111000000011111111111111
100000000000000000000000000000000001111111100000001111000000000000000000000000000001110000000000000000000111111111111111111111111111111111111111111111111111111111111111110000000001111111111111
100000000000000000000000000000000001111111100000000001110000000000000000000000000001110000000000000000000111111111111111111111111111111111111111111111111111111111111111110000000001111111111111
100000000000000000000000000000000001111111000000000000111100000000000000000000000001110000000000000000000111111111111111111111111111111111111111111111111111111111111111100000000001111111111111
100000000000000000000000000000000111111110000000000000000111000000000000000000000001111000000000000000000000001111111111111111111111111111111111111111111111111111111110000000000000011111111111
100000000000000000000000000000001111111110000000000000000001110000000000000000000001111000000000000000000000000111111111111111111111111111111111111111111111111111111100000000000000011111111111
100000000000000000000000000000111111111110000000000000000000011110000000000000000001111000000000000000000000000111111111111111111111111111111111111111111111100011111100000000000000011111111111
100000000000000000000000000011100001111111000000000000000000000011111111111111111111111000000000000000000000000011111111111111111111111111111111111111111111100001110000000000000000111111111111
100000000000000000000000000011000001111111100000000000000000000000000000000000000001111000000000000000000000000001111111111111111111111111111111111111100000000000000000000000000000111111111111
100000000000000000000000000111000111111111100000000000000000000000000000000000011111100000000000000000000000000000011111111111111111111111111111111100000000000000000000000000000000111111111111
100000000000000000000000001111000111000011100000000000000000000000000000000000111111100000000000000000000000000000001111111111111111111111111111111100000000000000000000000000000000111111111111
100000000000000000000000001111000111000011100000000000000000000000000000000011111111000000000000000000000000000000000011111111111111111111111111111100000000000000000000000000000000011111111111
100000000000000000000000011000001111000011000000000000000000000000000000001111111100000000000000000000000000000000000001111111111111111111111111111000000000000000000000000000000000011111111111
100000000000000000000011111000011110000001000000000000000000000000001111111111111100000000000000000000000000000000000000011111111111111111111111110000000000000000000000000000000000011111111111
100000000000000000000011111000011100000001000000000000000000001111111111111111111100000000000000000000000000000000000011111111111111101111111100000000000000000000000000000000000000011111111111
100000000000000000000011111111111100000011100000000000000000011111111111111111111111111110000000000000000000000000001110000000000000001111111100000000000000000000000000000000000000011111111111
100000000000000000000011111111111100000111110000000000000000111111111111110001111101111111111100000000000000000001111000000000000000001111111100000000000000000000000000000000000000011111111111
100000000000000000000011111111111110001111110000000000000011111111111000000001111100000000000111111000000000001111000000000000000000001111111110000000000000000000000000000000011100011111111111
100000000000000000000111111111111111001111100000000000000111111111000000000000111110000000000000001111111111111100000000000000000000001111111110000000000000000000000000000111111100011111111111
100000000000000000001111111110011111111111100000000000000111111100000000000000011111000000000000000000000000000000000000000000000000001111111111000000000000000000000000000111111111111111111111
100000000000000000011111111110111111111111100000000000000111110000000000000000011111000000000000000000000000000000000000000000000000001111111111100000000000000000000000000111111111111111111111
100000000000011111111111111111111111111111100000000000000111110000000000000000001111100000000000000000000000000000000000000000000000001111111111110000000000000000000000000111111111111111111111
100000011111111111111111001111110111111111100000000000001111100000000000000000001111100000000000000000000000000000000000000000000000000111111111111000000000000000000000111111111111111111111111
100000111111111111111100001111110001111111000000000000001111100000000000000000001111100000000000000000000000000000000000000000000000000111111111111100000000000000000001111111111111111111111111
100001111111111111111100001111110001111110000000000000001111100000000000000000001111100000000000000000000000000000000000000000000000000011111111111110000000000000000001111111111111111111111111
111111111111111111111100011111110001111100000000000000001111100000000000000000011111100000000000000000000000000000000000000000000000000001111111111111000000000000000011111111111111111111111111
111111111111111111111100011111110000111100000000000000001111100000000000000000111111100000000000000000000000000000000000000000000000000001111111111111100000000000000111111111111111111111111111
111111111111111111111100011111100000011110000000000000001111100000000000000001111111000000000000000000000000000000000000000000000000000000111111111111110000000000011111111111111111111111111111
111111110000000000000000111111100000001111000000000000011111100000000000000001111100000000000000000000000000000000000000000000000000000000011111111111110000000000011111111111111111111111111111
111111100000000000000011111111000000000111110000000001111111100000000000000001111100000000000000000000000000000000000000000000000000000000011111111111111000000000011111111111111111111111111111
111111100000000000000111111100000000000111111100001111111111100000000000000001111100000000000000000000000000000000000000000000000000000000011111111111111000000000011111111111111111111111111111
111111100000000000111111111000000000000011111111111111111111100000000000000001111000000000000000000000000000000000000000000000000000000000111111111111111000000000011111111111111111111111111111
111111000000000011111111100000000000000000111111111111111111000000000000000011111000000000000000000000000000000000000000000000000000000001111111111111111000000000011111111111111111111111111111
111111000000001111111100000000000000000000001111111111111111000000000000000011111100000000000000000000000000000000000000000000000000000001111111011111111000000000011111111111111111111111111111
100000000000011111111000000000000000000000000011111111111111000000000000000111111100000000000000000000000000000000000000000000000000000011111110001111111000000000011111111111111111111111111111
100000000000011111100000000000000000000000000000000001111111000000000000000111111100000000000000000000000000000000000000000000000000000011111110001111111100000000011111111111111111111111111111
100000000000111110000000000000000000000000000000000001111111000000000000001111111100000000000000000000000000000000000000000000000000000111111100000111111100000000011111111111111111111111111111
100000000001111100000000000000000000000000000000000001111110000000000000001111111000000000000000000000000000000000000000000000000000000111111100000111111100000000011111111111111111111111111111
100000000011111100000000000000000000000000000000000001111110000000000000111110001000000000000000000000000000000000000000000000000000001111111100000111111100000000011111111111111111111111111111
100000000011111100000000000000000000000000000000000000111110000000011111111110001000000000000000000000000000000000000000000000000000011111111000000011111100000000011111111111111111111111111111
100000000011111111000000000000000000000000000000000000111110111000111110000111001000000000000000000000000000000000000000000000000000111111111000000011111100000000011111111111111111111111111111
100000000011111111100000000000000000000000000000000000111111111111111100000011111000000000000000000000000000000000000000000000000001111111110000000011111100000000011111111111111111111111111111
100000000001111111111100000000000000000000000000000000011111111111111100000011110000000000000000000000000000000000000000000000000001111111110000000011111100000000001111111111111111111111111111
100000000000001111111110000000000000000000000000000000011111111111111110000111110000000000000000000000000000000000000000000000000011111111100000000011111100000000000111111111111111111111111111
100000000000000011111111000000000000000000000000000000011111111111111111111111110000000000000000000000000000000000000000000000000011111111000000000011111110000000000111111111111111111111111111
100000000000000001111111100000000000000000000000000000011111111111111111111111100000000000000000000000000000000000000000000000000111111111000000000011111110000000000111111111111111111111111111
100000000000000000011111110000000000000000000000000000111111111111111111111111100000000000000000000000000000000000000000000000001111111110000000000011111110000000000111111111111111111111111111
100000000000000000001111111000000000011111000000000001111111111111111111111111100000000000000000000000000000000000000000000000011111111100000000000001111110000000000111111111111111111111111111
100000000000000000000111111000000000111111100000000011111111111111111111111111100000000000000000000000000000000000000000000000111111111000000000000001111111000000000000111111111111111111111111
100000000000000000000011111100000001111111111000000111111111111111111111111111110000000000000000000000000000000000000000000011111111110000000000000000111111100000000000011111111111111111111111
100000000000000000000001111111000011111111111100011111111111111111111111111111111000000000000000000000000000000000000000001111111111100000000000000000011111110000000000001111111111111111111111
100000000000000000000000111111110011111111111111111111111111111111111111111111111100000000000000000000000000000000000000011111111111000000000000000000011111110000000000000111111111111111111111
100000000000000000000000011111111111111111111111111111111111111111111111111111111100000000000000000000000000000000000000111111111100000000000000000000001111111000000000001111111111111111111111
100000000000000000000000000111111111111111111111111111111111111111111111111111111111111111111110000000000000000000000001111111110000000000000000000000000111111100000000001111111111111111111111
100000000000000000000000000111111111111111111111111111111111111111111111111111111111111111111111110000000000000011111111111111000000000000000000000000000111111110000000011111111111111111111111
100000000001111001111000000000111111111111111111111111111111111111111111111111111100000000000000011100000000001111111111111000000000000000000000000000000011111111001111111111111111111111111111
100000001111111111111111000000000111111111111111111111111111111111111111111111111100000000000000000111000000111000000011111100000000000000000000000000000001111111001111111111111111111111111111
100000001111111111111111110000000111111111111111111111111111111111111111111111000000000000000000000011111111100000000001111100000000000000000000000000000001111111101111111111111111111111111111
100000001111111111111111111100001111111111111111111111111111111111111111111110000000000000000000000000111000000000000000111100000000000000000000000000000000111111101111111111111111111111111111
100000001111111111111111111110001111111111111111111111111111111111111111111100000000000000000000000000000000000000000000111100000000000000000000000000000000011111101111111111111111111111111111
100000001111111111111111111111101111111111111111111111111111111111111111111000000000000000000000000000000000000000000000011111000000000000000000000000000000001111101111111111111111111111111111
100000011111111111111111111111111111111111111111111111111111111111111111111000000000000000000000000000000000000000000000000011100000000000000000000000000000000111111111111111111111111111111111
100001111111111111111111111111111111111111111111111111111111111111111111100000000000000000000000000000000000000000000000000001100000000000000000000000000000000011111111111111111111111111111111
100001111111111111111111111111111111111111111111111111111111111111111111000000000000000000000000000000000000000000000000000001100000000000000000000000000000000011111111111111111111111111111111
100111111111111111111111111111111111111111111111111111111111111111111110000000000000000000000000000000000000000000000000000001100000000000000000000000000000000011111111111111111111111111111111
111111111111111111111111111111111111111111111111111111111111111111111110000000000000000000000000000000000000000000000000000001100000000000000000000000000000000011111111111111111111111111111111
111111111111111111111111111111111111111111111111111111111111111111111100000000000000000000000000000000000000000000000000000001100000000000000000000000000000000011111111111111111111111111111111
111111111111111111111111111111111111111111111111111111111111111111100000000000000000000000000000000000000000000000000000000001100000000000000000000000000000111111111111111111111111111111111111
111111111111111111111111111111111111111111111111111111111111111111000000000000000000000000000000000000000000000000000000000001100000000000000000000000000001111111111111111111111111111111111111
111111111111111111111111111111111111111111111111111111111111111111000000000000000000000000000000000000000000000000000000000001110000000000000000000000000011111111111111111111111111111111111111
111111111111111111111111111111111111111111111111111111111111111111100000000000000000000000000000000000000000000000000000000001110000000000000000000000000011111111111111111111111111111111111111
111111111111111111111111111111111111111111111111111111111111111111111111111111111111111111111111111111111111111111111111111111111111111111111111111111111111111111111111111111111111111111111111
